comuna,anio,delitos,poblacion,superficie,densidad,relacion,nivel
alhue,2005,14,5078,8.5,597.4118,0.023434,0
alhue,2006,35,5234,8.5,615.7647,0.05684,0.013182
alhue,2007,37,5396,8.5,634.8235,0.058284,0.013752
alhue,2008,55,5545,8.5,652.3529,0.08431,0.024022
alhue,2009,54,5701,8.5,670.7059,0.080512,0.022523
alhue,2010,56,5856,8.5,688.9412,0.081284,0.022827
alhue,2011,72,5995,8.5,705.2941,0.102085,0.031036
alhue,2012,52,6149,8.5,723.4118,0.071882,0.019117
alhue,2013,59,6278,8.5,738.5882,0.079882,0.022274
alhue,2014,35,6415,8.5,754.7059,0.046376,0.009053
alhue,2015,42,6553,8.5,770.9412,0.054479,0.01225
alhue,2016,42,6688,8.5,786.8235,0.053379,0.011816
alhue,2017,45,6835,8.5,804.1176,0.055962,0.012835
alhue,2018,57,7022,8.5,826.1176,0.068997,0.017979
alhue,2019,92,7214,8.5,848.7059,0.1084,0.033528
alhue,2020,80,7405,8.5,871.1765,0.09183,0.026989
alhue,2021,87,7536,8.5,886.5882,0.098129,0.029474
alhue,2022,85,7649,8.5,899.8824,0.094457,0.028025
alhue,2023,102,7756,8.5,912.4706,0.111784,0.034863
alhue,2024,81,7856,8.5,924.2353,0.08764,0.025336
alhue,2025,77,7954,8.5,935.7647,0.082286,0.023223
alhue,2026,43,8044,8.5,946.3529,0.045438,0.008682
buin,2005,614,73212,32.1,2280.7477,0.26921,0.096983
buin,2006,720,75647,32.1,2356.6044,0.305524,0.111313
buin,2007,1029,78091,32.1,2432.7414,0.42298,0.15766
buin,2008,1325,80545,32.1,2509.19,0.528059,0.199125
buin,2009,1334,82988,32.1,2585.296,0.515995,0.194364
buin,2010,1379,85404,32.1,2660.5607,0.518312,0.195279
buin,2011,1436,87806,32.1,2735.3894,0.524971,0.197906
buin,2012,1362,90184,32.1,2809.4704,0.484789,0.18205
buin,2013,1238,92461,32.1,2880.405,0.429801,0.160352
buin,2014,1161,94730,32.1,2951.0903,0.393414,0.145994
buin,2015,1059,97024,32.1,3022.5545,0.350366,0.129007
buin,2016,1034,99327,32.1,3094.2991,0.334163,0.122613
buin,2017,1053,101743,32.1,3169.5639,0.332222,0.121848
buin,2018,1272,104338,32.1,3250.405,0.391336,0.145174
buin,2019,1536,106986,32.1,3332.8972,0.46086,0.172608
buin,2020,1208,109641,32.1,3415.6075,0.353671,0.130311
buin,2021,1336,111934,32.1,3487.0405,0.383133,0.141937
buin,2022,1891,114028,32.1,3552.2741,0.532335,0.200812
buin,2023,1854,116032,32.1,3614.704,0.512905,0.193145
buin,2024,1792,117982,32.1,3675.4517,0.487559,0.183144
buin,2025,1749,119885,32.1,3734.7352,0.468306,0.175546
buin,2026,893,121737,32.1,3792.4299,0.235469,0.083669
caleradetango,2005,313,20552,14.7,1398.0952,0.223876,0.079094
caleradetango,2006,310,21088,14.7,1434.5578,0.216094,0.076024
caleradetango,2007,442,21625,14.7,1471.0884,0.300458,0.109313
caleradetango,2008,545,22160,14.7,1507.483,0.36153,0.133412
caleradetango,2009,474,22693,14.7,1543.7415,0.307046,0.111913
caleradetango,2010,545,23208,14.7,1578.7755,0.345204,0.12697
caleradetango,2011,619,23727,14.7,1614.0816,0.3835,0.142082
caleradetango,2012,465,24238,14.7,1648.8435,0.282016,0.102036
caleradetango,2013,384,24720,14.7,1681.6327,0.22835,0.080859
caleradetango,2014,479,25199,14.7,1714.2177,0.279428,0.101015
caleradetango,2015,411,25682,14.7,1747.0748,0.23525,0.083583
caleradetango,2016,288,26173,14.7,1780.4762,0.161754,0.054581
caleradetango,2017,294,26704,14.7,1816.5986,0.161841,0.054615
caleradetango,2018,331,27309,14.7,1857.7551,0.178172,0.061059
caleradetango,2019,412,27913,14.7,1898.8435,0.216974,0.076371
caleradetango,2020,385,28525,14.7,1940.4762,0.198405,0.069043
caleradetango,2021,374,29019,14.7,1974.0816,0.189455,0.065512
caleradetango,2022,490,29470,14.7,2004.7619,0.244418,0.0872
caleradetango,2023,441,29880,14.7,2032.6531,0.216958,0.076364
caleradetango,2024,453,30283,14.7,2060.068,0.219896,0.077524
caleradetango,2025,372,30678,14.7,2086.9388,0.178252,0.061091
caleradetango,2026,180,31060,14.7,2112.9252,0.08519,0.024369
cerrillos,2005,1734,76893,18.9,4068.4127,0.42621,0.158935
cerrillos,2006,1834,77658,18.9,4108.8889,0.446349,0.166882
cerrillos,2007,2265,78400,18.9,4148.1481,0.546027,0.206215
cerrillos,2008,2338,79142,18.9,4187.4074,0.558341,0.211074
cerrillos,2009,2262,79850,18.9,4224.8677,0.535401,0.202022
cerrillos,2010,2134,80518,18.9,4260.2116,0.500914,0.188413
cerrillos,2011,2415,81184,18.9,4295.4497,0.562223,0.212606
cerrillos,2012,2258,81826,18.9,4329.418,0.521548,0.196556
cerrillos,2013,2036,82325,18.9,4355.8201,0.467421,0.175197
cerrillos,2014,1996,82841,18.9,4383.1217,0.455383,0.170447
cerrillos,2015,1840,83394,18.9,4412.381,0.417008,0.155304
cerrillos,2016,1776,84024,18.9,4445.7143,0.399486,0.14839
cerrillos,2017,1590,85026,18.9,4498.7302,0.353433,0.130217
cerrillos,2018,1819,86451,18.9,4574.127,0.397672,0.147674
cerrillos,2019,2259,88016,18.9,4656.9312,0.485083,0.182167
cerrillos,2020,1762,88956,18.9,4706.6667,0.374363,0.138476
cerrillos,2021,1560,89520,18.9,4736.5079,0.329357,0.120717
cerrillos,2022,2196,89858,18.9,4754.3915,0.461889,0.173014
cerrillos,2023,2318,90060,18.9,4765.0794,0.486456,0.182708
cerrillos,2024,2469,90182,18.9,4771.5344,0.517444,0.194936
cerrillos,2025,2368,90268,18.9,4776.0847,0.495804,0.186397
cerrillos,2026,1112,90328,18.9,4779.2593,0.232672,0.082565
cerronavia,2005,1603,150406,10.5,14324.381,0.111907,0.034911
cerronavia,2006,1352,149347,10.5,14223.5238,0.095054,0.028261
cerronavia,2007,1811,148305,10.5,14124.2857,0.128219,0.041348
cerronavia,2008,1955,147316,10.5,14030.0952,0.139343,0.045738
cerronavia,2009,2112,146323,10.5,13935.5238,0.151555,0.050556
cerronavia,2010,1973,145320,10.5,13840,0.142558,0.047006
cerronavia,2011,2366,144364,10.5,13748.9524,0.172086,0.058658
cerronavia,2012,2201,143425,10.5,13659.5238,0.161133,0.054336
cerronavia,2013,2124,142302,10.5,13552.5714,0.156723,0.052596
cerronavia,2014,2277,141268,10.5,13454.0952,0.169242,0.057536
cerronavia,2015,2090,140355,10.5,13367.1429,0.156354,0.05245
cerronavia,2016,1963,139635,10.5,13298.5714,0.14761,0.049
cerronavia,2017,1853,139604,10.5,13295.619,0.139369,0.045748
cerronavia,2018,2155,140355,10.5,13367.1429,0.161216,0.054369
cerronavia,2019,2475,141402,10.5,13466.8571,0.183785,0.063274
cerronavia,2020,2335,142465,10.5,13568.0952,0.172095,0.058661
cerronavia,2021,2277,142304,10.5,13552.7619,0.16801,0.05705
cerronavia,2022,2893,141507,10.5,13476.8571,0.214664,0.075459
cerronavia,2023,3589,140581,10.5,13388.6667,0.268063,0.09653
cerronavia,2024,3306,139632,10.5,13298.2857,0.248603,0.088852
cerronavia,2025,3153,138677,10.5,13207.3333,0.238731,0.084956
cerronavia,2026,1476,137719,10.5,13116.0952,0.112533,0.035158
colina,2005,1214,93236,116.5,800.309,1.516914,0.589327
colina,2006,1578,97979,116.5,841.0215,1.87629,0.731137
colina,2007,1860,102802,116.5,882.4206,2.107838,0.822506
colina,2008,2365,107725,116.5,924.6781,2.557647,1
colina,2009,2132,112638,116.5,966.8498,2.2051,0.860885
colina,2010,2068,117543,116.5,1008.9528,2.04965,0.799544
colina,2011,2400,122532,116.5,1051.7768,2.281853,0.891172
colina,2012,2071,127526,116.5,1094.6438,1.89194,0.737312
colina,2013,2124,132203,116.5,1134.7897,1.871712,0.72933
colina,2014,2256,136929,116.5,1175.3562,1.919418,0.748155
colina,2015,2259,141756,116.5,1216.7897,1.856525,0.723337
colina,2016,2053,146768,116.5,1259.8112,1.629609,0.633796
colina,2017,1972,152740,116.5,1311.073,1.504112,0.584275
colina,2018,2343,163779,116.5,1405.8283,1.666633,0.648406
colina,2019,2688,173119,116.5,1486,1.808883,0.704538
colina,2020,2473,180353,116.5,1548.0944,1.597448,0.621106
colina,2021,2177,185599,116.5,1593.1245,1.366497,0.529972
colina,2022,2638,189757,116.5,1628.8155,1.619582,0.62984
colina,2023,2960,193594,116.5,1661.7511,1.781254,0.693635
colina,2024,2716,197370,116.5,1694.1631,1.603151,0.623356
colina,2025,2830,201012,116.5,1725.4249,1.640176,0.637966
colina,2026,1386,204528,116.5,1755.6052,0.789471,0.302278
conchali,2005,2039,141784,10.5,13503.2381,0.151001,0.050338
conchali,2006,2289,140942,10.5,13423.0476,0.170528,0.058043
conchali,2007,2758,140102,10.5,13343.0476,0.206699,0.072316
conchali,2008,3014,139309,10.5,13267.5238,0.227171,0.080395
conchali,2009,2698,138486,10.5,13189.1429,0.204562,0.071473
conchali,2010,2293,137632,10.5,13107.8095,0.174934,0.059782
conchali,2011,2332,136856,10.5,13033.9048,0.178918,0.061354
conchali,2012,2509,136102,10.5,12962.0952,0.193564,0.067133
conchali,2013,2428,135077,10.5,12864.4762,0.188737,0.065228
conchali,2014,2461,134157,10.5,12776.8571,0.192614,0.066758
conchali,2015,2183,133379,10.5,12702.7619,0.171852,0.058566
conchali,2016,2091,132883,10.5,12655.5238,0.165224,0.05595
conchali,2017,2348,133420,10.5,12706.6667,0.184785,0.063669
conchali,2018,2648,135099,10.5,12866.5714,0.205805,0.071963
conchali,2019,3212,137162,10.5,13063.0476,0.245884,0.087779
conchali,2020,2870,139195,10.5,13256.6667,0.216495,0.076182
conchali,2021,2282,139394,10.5,13275.619,0.171894,0.058582
conchali,2022,2828,138638,10.5,13203.619,0.214184,0.07527
conchali,2023,3140,137678,10.5,13112.1905,0.239472,0.085248
conchali,2024,2932,136674,10.5,13016.5714,0.225251,0.079637
conchali,2025,2663,135654,10.5,12919.4286,0.206124,0.072089
conchali,2026,1289,134625,10.5,12821.4286,0.100535,0.030424
curacavi,2005,220,27135,20.8,1304.5673,0.168638,0.057297
curacavi,2006,266,27783,20.8,1335.7212,0.199143,0.069335
curacavi,2007,384,28418,20.8,1366.25,0.281061,0.10166
curacavi,2008,461,29058,20.8,1397.0192,0.329988,0.120966
curacavi,2009,462,29697,20.8,1427.7404,0.323588,0.118441
curacavi,2010,481,30302,20.8,1456.8269,0.33017,0.121038
curacavi,2011,478,30911,20.8,1486.1058,0.321646,0.117674
curacavi,2012,409,31501,20.8,1514.4712,0.270061,0.097319
curacavi,2013,426,32061,20.8,1541.3942,0.276373,0.09981
curacavi,2014,415,32610,20.8,1567.7885,0.264704,0.095205
curacavi,2015,422,33162,20.8,1594.3269,0.264688,0.095199
curacavi,2016,384,33721,20.8,1621.2019,0.236861,0.084218
curacavi,2017,410,34337,20.8,1650.8173,0.248362,0.088756
curacavi,2018,471,35016,20.8,1683.4615,0.279781,0.101154
curacavi,2019,562,35720,20.8,1717.3077,0.327256,0.119888
curacavi,2020,473,36430,20.8,1751.4423,0.270063,0.09732
curacavi,2021,448,36991,20.8,1778.4135,0.25191,0.090156
curacavi,2022,521,37479,20.8,1801.875,0.289143,0.104849
curacavi,2023,579,37932,20.8,1823.6538,0.317494,0.116036
curacavi,2024,650,38367,20.8,1844.5673,0.352386,0.129804
curacavi,2025,549,38803,20.8,1865.5288,0.294287,0.106878
curacavi,2026,295,39222,20.8,1885.6731,0.156443,0.052485
elbosque,2005,2640,179264,13.5,13278.8148,0.198813,0.069204
elbosque,2006,3254,178492,13.5,13221.6296,0.246112,0.087869
elbosque,2007,3707,177725,13.5,13164.8148,0.281584,0.101866
elbosque,2008,4228,177002,13.5,13111.2593,0.322471,0.118
elbosque,2009,3776,176282,13.5,13057.9259,0.289173,0.10486
elbosque,2010,3386,175546,13.5,13003.4074,0.260393,0.093504
elbosque,2011,3704,174811,13.5,12948.963,0.286046,0.103627
elbosque,2012,3436,174065,13.5,12893.7037,0.266487,0.095908
elbosque,2013,3305,173188,13.5,12828.7407,0.257625,0.092411
elbosque,2014,3270,172371,13.5,12768.2222,0.256105,0.091812
elbosque,2015,3146,171654,13.5,12715.1111,0.247422,0.088386
elbosque,2016,2805,171035,13.5,12669.2593,0.221402,0.078118
elbosque,2017,3387,170801,13.5,12651.9259,0.267706,0.09639
elbosque,2018,3553,171032,13.5,12669.037,0.280448,0.101417
elbosque,2019,3645,171487,13.5,12702.7407,0.286946,0.103982
elbosque,2020,2817,172000,13.5,12740.7407,0.221102,0.078
elbosque,2021,2650,171789,13.5,12725.1111,0.20825,0.072928
elbosque,2022,3129,171201,13.5,12681.5556,0.246736,0.088115
elbosque,2023,3338,170536,13.5,12632.2963,0.264243,0.095023
elbosque,2024,3331,169855,13.5,12581.8519,0.264746,0.095222
elbosque,2025,3110,169168,13.5,12530.963,0.248185,0.088687
elbosque,2026,1665,168473,13.5,12479.4815,0.133419,0.0434
elmonte,2005,271,29930,17.7,1690.9605,0.160264,0.053993
elmonte,2006,228,30639,17.7,1731.0169,0.131714,0.042727
elmonte,2007,302,31353,17.7,1771.3559,0.170491,0.058028
elmonte,2008,415,32060,17.7,1811.2994,0.229117,0.081162
elmonte,2009,480,32765,17.7,1851.1299,0.259301,0.093073
elmonte,2010,494,33456,17.7,1890.1695,0.261352,0.093882
elmonte,2011,519,34123,17.7,1927.8531,0.269211,0.096984
elmonte,2012,464,34777,17.7,1964.8023,0.236156,0.08394
elmonte,2013,413,35401,17.7,2000.0565,0.206494,0.072235
elmonte,2014,327,36015,17.7,2034.7458,0.160708,0.054168
elmonte,2015,347,36637,17.7,2069.887,0.167642,0.056904
elmonte,2016,360,37250,17.7,2104.5198,0.17106,0.058253
elmonte,2017,423,37901,17.7,2141.2994,0.197544,0.068703
elmonte,2018,402,38593,17.7,2180.3955,0.18437,0.063505
elmonte,2019,422,39296,17.7,2220.113,0.19008,0.065758
elmonte,2020,431,40014,17.7,2260.678,0.190651,0.065984
elmonte,2021,507,40620,17.7,2294.9153,0.220923,0.077929
elmonte,2022,594,41179,17.7,2326.4972,0.255319,0.091502
elmonte,2023,537,41711,17.7,2356.5537,0.227875,0.080672
elmonte,2024,508,42233,17.7,2386.0452,0.212905,0.074765
elmonte,2025,481,42723,17.7,2413.7288,0.199277,0.069387
elmonte,2026,237,43213,17.7,2441.4124,0.097075,0.029059
estacioncentral,2005,2982,122312,13.8,8863.1884,0.336448,0.123515
estacioncentral,2006,3228,122752,13.8,8895.0725,0.362898,0.133952
estacioncentral,2007,3969,123797,13.8,8970.7971,0.442436,0.165338
estacioncentral,2008,4304,125302,13.8,9079.8551,0.474016,0.1778
estacioncentral,2009,4048,126979,13.8,9201.3768,0.439934,0.164351
estacioncentral,2010,3863,128782,13.8,9332.029,0.413951,0.154098
estacioncentral,2011,4076,130966,13.8,9490.2899,0.429492,0.16023
estacioncentral,2012,3946,133345,13.8,9662.6812,0.408375,0.151898
estacioncentral,2013,4281,135199,13.8,9797.029,0.436969,0.163181
estacioncentral,2014,4526,137338,13.8,9952.029,0.454782,0.17021
estacioncentral,2015,4248,139800,13.8,10130.4348,0.41933,0.156221
estacioncentral,2016,3758,142994,13.8,10361.8841,0.362675,0.133864
estacioncentral,2017,3672,148730,13.8,10777.5362,0.340709,0.125196
estacioncentral,2018,4437,166174,13.8,12041.5942,0.368473,0.136152
estacioncentral,2019,5102,186426,13.8,13509.1304,0.37767,0.139782
estacioncentral,2020,4042,206792,13.8,14984.9275,0.269738,0.097191
estacioncentral,2021,3432,214470,13.8,15541.3043,0.220831,0.077893
estacioncentral,2022,5133,217664,13.8,15772.7536,0.325435,0.119169
estacioncentral,2023,6668,219897,13.8,15934.5652,0.418461,0.155878
estacioncentral,2024,6470,221901,13.8,16079.7826,0.402369,0.149527
estacioncentral,2025,6048,223849,13.8,16220.942,0.372851,0.13788
estacioncentral,2026,2740,225754,13.8,16358.9855,0.167492,0.056845
huechuraba,2005,942,82692,24.6,3361.4634,0.280235,0.101334
huechuraba,2006,1300,84547,24.6,3436.8699,0.378251,0.140011
huechuraba,2007,1541,86382,24.6,3511.4634,0.438848,0.163922
huechuraba,2008,1638,88222,24.6,3586.2602,0.456743,0.170984
huechuraba,2009,1713,90023,24.6,3659.4715,0.4681,0.175465
huechuraba,2010,1513,91781,24.6,3730.935,0.405528,0.150774
huechuraba,2011,1835,93543,24.6,3802.561,0.48257,0.181175
huechuraba,2012,1693,95279,24.6,3873.1301,0.437114,0.163238
huechuraba,2013,1920,96837,24.6,3936.4634,0.487747,0.183218
huechuraba,2014,1946,98415,24.6,4000.6098,0.486426,0.182696
huechuraba,2015,1861,100039,24.6,4066.626,0.457628,0.171333
huechuraba,2016,1768,101764,24.6,4136.748,0.427389,0.1594
huechuraba,2017,1700,103962,24.6,4226.0976,0.402262,0.149485
huechuraba,2018,1588,106706,24.6,4337.6423,0.366098,0.135215
huechuraba,2019,1948,109630,24.6,4456.5041,0.437114,0.163238
huechuraba,2020,1664,112528,24.6,4574.3089,0.363771,0.134297
huechuraba,2021,1454,114453,24.6,4652.561,0.312516,0.114072
huechuraba,2022,1796,115858,24.6,4709.6748,0.381343,0.141231
huechuraba,2023,1985,117121,24.6,4761.0163,0.416928,0.155272
huechuraba,2024,2222,118327,24.6,4810.0407,0.46195,0.173038
huechuraba,2025,2126,119487,24.6,4857.1951,0.437701,0.16347
huechuraba,2026,1081,120604,24.6,4902.6016,0.220495,0.07776
independencia,2005,1159,76222,7.3,10441.3699,0.111001,0.034554
independencia,2006,1415,77817,7.3,10659.863,0.132741,0.043132
independencia,2007,1889,79501,7.3,10890.5479,0.173453,0.059197
independencia,2008,1987,81348,7.3,11143.5616,0.178309,0.061114
independencia,2009,1820,83141,7.3,11389.1781,0.159801,0.05381
independencia,2010,1850,84919,7.3,11632.7397,0.159034,0.053508
independencia,2011,1816,87102,7.3,11931.7808,0.152199,0.05081
independencia,2012,1687,89473,7.3,12256.5753,0.13764,0.045066
independencia,2013,1858,91103,7.3,12479.863,0.14888,0.049501
independencia,2014,1924,93064,7.3,12748.4932,0.15092,0.050306
independencia,2015,1981,95406,7.3,13069.3151,0.151576,0.050565
independencia,2016,1843,98724,7.3,13523.8356,0.136278,0.044528
independencia,2017,2059,105437,7.3,14443.4247,0.142556,0.047005
independencia,2018,2227,117277,7.3,16065.3425,0.138621,0.045453
independencia,2019,2532,129691,7.3,17765.8904,0.14252,0.046991
independencia,2020,1994,142065,7.3,19460.9589,0.102462,0.031184
independencia,2021,1833,147655,7.3,20226.7123,0.090623,0.026513
independencia,2022,2388,150074,7.3,20558.0822,0.116159,0.036589
independencia,2023,2695,151890,7.3,20806.8493,0.129525,0.041863
independencia,2024,2563,153624,7.3,21044.3836,0.12179,0.038811
independencia,2025,2612,155387,7.3,21285.8904,0.12271,0.039174
independencia,2026,1271,157214,7.3,21536.1644,0.059017,0.014041
islademaipo,2005,189,29298,22.6,1296.3717,0.145792,0.048282
islademaipo,2006,236,30100,22.6,1331.8584,0.177196,0.060674
islademaipo,2007,313,30889,22.6,1366.7699,0.229007,0.081119
islademaipo,2008,481,31676,22.6,1401.5929,0.343181,0.126172
islademaipo,2009,557,32438,22.6,1435.3097,0.38807,0.143885
islademaipo,2010,638,33193,22.6,1468.7168,0.434393,0.162164
islademaipo,2011,613,33929,22.6,1501.2832,0.408317,0.151875
islademaipo,2012,548,34630,22.6,1532.3009,0.357632,0.131874
islademaipo,2013,421,35300,22.6,1561.9469,0.269535,0.097111
islademaipo,2014,396,35965,22.6,1591.3717,0.248842,0.088946
islademaipo,2015,340,36632,22.6,1620.885,0.209762,0.073525
islademaipo,2016,316,37282,22.6,1649.646,0.191556,0.066341
islademaipo,2017,431,37965,22.6,1679.8673,0.256568,0.091994
islademaipo,2018,383,38690,22.6,1711.9469,0.223722,0.079033
islademaipo,2019,408,39433,22.6,1744.823,0.233835,0.083024
islademaipo,2020,321,40171,22.6,1777.4779,0.180593,0.062015
islademaipo,2021,385,40803,22.6,1805.4425,0.213244,0.074899
islademaipo,2022,456,41354,22.6,1829.823,0.249204,0.089089
islademaipo,2023,506,41876,22.6,1852.9204,0.273082,0.098511
islademaipo,2024,521,42393,22.6,1875.7965,0.277749,0.100352
islademaipo,2025,521,42887,22.6,1897.6549,0.274549,0.09909
islademaipo,2026,217,43348,22.6,1918.0531,0.113136,0.035396
lacisterna,2005,1766,90646,9.8,9249.5918,0.190927,0.066093
lacisterna,2006,1937,91117,9.8,9297.6531,0.208332,0.072961
lacisterna,2007,2477,91566,9.8,9343.4694,0.265105,0.095363
lacisterna,2008,2470,92021,9.8,9389.898,0.263049,0.094552
lacisterna,2009,2394,92439,9.8,9432.551,0.253802,0.090903
lacisterna,2010,2083,92817,9.8,9471.1224,0.219932,0.077538
lacisterna,2011,2246,93207,9.8,9510.9184,0.23615,0.083937
lacisterna,2012,2124,93580,9.8,9548.9796,0.222432,0.078524
lacisterna,2013,2235,93785,9.8,9569.898,0.233545,0.08291
lacisterna,2014,2082,94025,9.8,9594.3878,0.217002,0.076382
lacisterna,2015,2276,94323,9.8,9624.7959,0.236473,0.084065
lacisterna,2016,2257,94738,9.8,9667.1429,0.233471,0.082881
lacisterna,2017,2061,95652,9.8,9760.4082,0.211159,0.074076
lacisterna,2018,2300,97125,9.8,9910.7143,0.232072,0.082328
lacisterna,2019,2370,98790,9.8,10080.6122,0.235105,0.083525
lacisterna,2020,2048,100434,9.8,10248.3673,0.199837,0.069608
lacisterna,2021,1863,101126,9.8,10318.9796,0.180541,0.061994
lacisterna,2022,2619,101313,9.8,10338.0612,0.253336,0.090719
lacisterna,2023,3005,101377,9.8,10344.5918,0.29049,0.10538
lacisterna,2024,3388,101401,9.8,10347.0408,0.327437,0.119959
lacisterna,2025,2975,101398,9.8,10346.7347,0.28753,0.104212
lacisterna,2026,1446,101371,9.8,10343.9796,0.139791,0.045914
laflorida,2005,6180,379112,42.1,9005.0356,0.686283,0.26156
laflorida,2006,6771,379297,42.1,9009.4299,0.751546,0.287313
laflorida,2007,7807,379550,42.1,9015.4394,0.865959,0.33246
laflorida,2008,7471,379961,42.1,9025.2019,0.827793,0.3174
laflorida,2009,7369,380397,42.1,9035.5582,0.815556,0.312571
laflorida,2010,6779,380826,42.1,9045.7482,0.749413,0.286471
laflorida,2011,7454,381345,42.1,9058.076,0.822912,0.315474
laflorida,2012,6640,381887,42.1,9070.9501,0.732007,0.279603
laflorida,2013,6867,382040,42.1,9074.5843,0.756729,0.289358
laflorida,2014,6751,382379,42.1,9082.6366,0.743286,0.284054
laflorida,2015,7071,382995,42.1,9097.2684,0.777266,0.297462
laflorida,2016,6673,383976,42.1,9120.5701,0.731643,0.279459
laflorida,2017,6669,386307,42.1,9175.9382,0.726792,0.277545
laflorida,2018,6757,390218,42.1,9268.8361,0.729002,0.278417
laflorida,2019,6964,396781,42.1,9424.7268,0.738907,0.282326
laflorida,2020,5479,402433,42.1,9558.9786,0.573178,0.216929
laflorida,2021,4583,405185,42.1,9624.3468,0.476188,0.178657
laflorida,2022,6471,406229,42.1,9649.1449,0.670629,0.255383
laflorida,2023,6473,406796,42.1,9662.6128,0.669902,0.255096
laflorida,2024,7015,407297,42.1,9674.5131,0.725101,0.276878
laflorida,2025,6383,407764,42.1,9685.6057,0.659019,0.250802
laflorida,2026,3517,408195,42.1,9695.8432,0.362733,0.133887
lagranja,2005,2456,134513,9.9,13587.1717,0.180759,0.06208
lagranja,2006,2750,133422,9.9,13476.9697,0.204052,0.071272
lagranja,2007,3060,132339,9.9,13367.5758,0.228912,0.081081
lagranja,2008,2963,131298,9.9,13262.4242,0.223413,0.078912
lagranja,2009,2766,130260,9.9,13157.5758,0.210221,0.073706
lagranja,2010,2472,129216,9.9,13052.1212,0.189395,0.065488
lagranja,2011,3157,128185,9.9,12947.9798,0.243822,0.086965
lagranja,2012,2625,127156,9.9,12844.0404,0.204375,0.071399
lagranja,2013,2682,126023,9.9,12729.596,0.21069,0.073891
lagranja,2014,2888,124946,9.9,12620.8081,0.228828,0.081048
lagranja,2015,2737,123955,9.9,12520.7071,0.218598,0.077011
lagranja,2016,2650,123061,9.9,12430.404,0.213187,0.074876
lagranja,2017,2663,122518,9.9,12375.5556,0.215182,0.075664
lagranja,2018,3020,122392,9.9,12362.8283,0.244281,0.087146
lagranja,2019,3195,122454,9.9,12369.0909,0.258305,0.09268
lagranja,2020,2498,122557,9.9,12379.4949,0.201785,0.070377
lagranja,2021,2151,122028,9.9,12326.0606,0.174508,0.059614
lagranja,2022,2532,121170,9.9,12239.3939,0.206873,0.072385
lagranja,2023,2878,120249,9.9,12146.3636,0.236943,0.084251
lagranja,2024,3049,119321,9.9,12052.6263,0.252974,0.090576
lagranja,2025,2887,118394,9.9,11958.9899,0.241408,0.086012
lagranja,2026,1240,117466,9.9,11865.2525,0.104507,0.031991
lampa,2005,596,53195,45.2,1176.8805,0.506424,0.190587
lampa,2006,667,57272,45.2,1267.0796,0.526407,0.198473
lampa,2007,899,61495,45.2,1360.5088,0.660782,0.251497
lampa,2008,1289,65874,45.2,1457.3894,0.884458,0.33976
lampa,2009,1361,70341,45.2,1556.2168,0.874557,0.335853
lampa,2010,1279,74883,45.2,1656.7035,0.772015,0.29539
lampa,2011,1532,79510,45.2,1759.0708,0.870914,0.334416
lampa,2012,1697,84168,45.2,1862.1239,0.911325,0.350362
lampa,2013,1714,88732,45.2,1963.0973,0.87311,0.335282
lampa,2014,1587,93317,45.2,2064.5354,0.768696,0.29408
lampa,2015,1439,97952,45.2,2167.0796,0.664027,0.252778
lampa,2016,1379,102638,45.2,2270.7522,0.607288,0.230388
lampa,2017,1580,107662,45.2,2381.9027,0.663335,0.252505
lampa,2018,1875,115058,45.2,2545.531,0.736585,0.281409
lampa,2019,2095,121528,45.2,2688.6726,0.779195,0.298223
lampa,2020,2083,126898,45.2,2807.4779,0.741947,0.283525
lampa,2021,1915,131436,45.2,2907.8761,0.658556,0.250619
lampa,2022,2450,135461,45.2,2996.9248,0.817505,0.31334
lampa,2023,2601,139266,45.2,3081.1062,0.844177,0.323865
lampa,2024,2451,143032,45.2,3164.4248,0.774548,0.296389
lampa,2025,2272,146646,45.2,3244.3805,0.700288,0.267086
lampa,2026,1048,150106,45.2,3320.9292,0.315574,0.115278
lapintana,2005,2831,193808,27.5,7047.5636,0.401699,0.149263
lapintana,2006,3633,193070,27.5,7020.7273,0.517468,0.194946
lapintana,2007,4554,192390,27.5,6996,0.650943,0.247615
lapintana,2008,4479,191802,27.5,6974.6182,0.642186,0.244159
lapintana,2009,4246,191264,27.5,6955.0545,0.610491,0.231653
lapintana,2010,4481,190750,27.5,6936.3636,0.646016,0.245671
lapintana,2011,5230,190249,27.5,6918.1455,0.755983,0.289064
lapintana,2012,4436,189761,27.5,6900.4,0.642861,0.244426
lapintana,2013,4311,189194,27.5,6879.7818,0.626619,0.238016
lapintana,2014,4507,188703,27.5,6861.9273,0.656813,0.249931
lapintana,2015,4203,188324,27.5,6848.1455,0.613743,0.232936
lapintana,2016,3882,188020,27.5,6837.0909,0.567785,0.214801
lapintana,2017,3784,187970,27.5,6835.2727,0.553599,0.209203
lapintana,2018,3959,188255,27.5,6845.6364,0.578325,0.21896
lapintana,2019,4115,188748,27.5,6863.5636,0.599543,0.227332
lapintana,2020,3447,189335,27.5,6884.9091,0.50066,0.188313
lapintana,2021,3112,189454,27.5,6889.2364,0.451719,0.169001
lapintana,2022,3608,189321,27.5,6884.4,0.524083,0.197556
lapintana,2023,3893,189151,27.5,6878.2182,0.56599,0.214092
lapintana,2024,4328,188980,27.5,6872,0.629802,0.239273
lapintana,2025,4232,188806,27.5,6865.6727,0.6164,0.233984
lapintana,2026,2054,188629,27.5,6859.2364,0.29945,0.108916
lareina,2005,948,99567,16.4,6071.1585,0.156148,0.052369
lareina,2006,1008,99317,16.4,6055.9146,0.166449,0.056433
lareina,2007,1211,99055,16.4,6039.939,0.200499,0.06987
lareina,2008,1386,98815,16.4,6025.3049,0.23003,0.081523
lareina,2009,1182,98549,16.4,6009.0854,0.196702,0.068371
lareina,2010,1205,98255,16.4,5991.1585,0.20113,0.070119
lareina,2011,1146,97986,16.4,5974.7561,0.191807,0.06644
lareina,2012,995,97718,16.4,5958.4146,0.166991,0.056647
lareina,2013,1094,97286,16.4,5932.0732,0.184421,0.063525
lareina,2014,988,96904,16.4,5908.7805,0.167209,0.056733
lareina,2015,1087,96600,16.4,5890.2439,0.184542,0.063573
lareina,2016,1109,96435,16.4,5880.1829,0.1886,0.065174
lareina,2017,1127,96811,16.4,5903.1098,0.190916,0.066088
lareina,2018,968,97810,16.4,5964.0244,0.162307,0.054799
lareina,2019,1109,99033,16.4,6038.5976,0.183652,0.063222
lareina,2020,811,100252,16.4,6112.9268,0.13267,0.043104
lareina,2021,728,100459,16.4,6125.5488,0.118846,0.03765
lareina,2022,1004,100131,16.4,6105.5488,0.164441,0.055641
lareina,2023,976,99686,16.4,6078.4146,0.160568,0.054113
lareina,2024,1068,99212,16.4,6049.5122,0.176543,0.060417
lareina,2025,953,98722,16.4,6019.6341,0.158315,0.053224
lareina,2026,467,98219,16.4,5988.9634,0.077977,0.021522
lascondes,2005,1863,262683,39.8,6600.0754,0.28227,0.102136
lascondes,2006,2008,265432,39.8,6669.1457,0.301088,0.109562
lascondes,2007,2467,268374,39.8,6743.0653,0.365857,0.13512
lascondes,2008,2730,271586,39.8,6823.7688,0.400072,0.148621
lascondes,2009,2553,274803,39.8,6904.598,0.369754,0.136658
lascondes,2010,2578,278025,39.8,6985.5528,0.369047,0.136379
lascondes,2011,2683,281616,39.8,7075.7789,0.379181,0.140378
lascondes,2012,2229,285361,39.8,7169.8744,0.310884,0.113428
lascondes,2013,2411,288301,39.8,7243.7437,0.332839,0.122091
lascondes,2014,2355,291572,39.8,7325.9296,0.321461,0.117601
lascondes,2015,2454,295261,39.8,7418.6181,0.330789,0.121282
lascondes,2016,2318,299849,39.8,7533.8945,0.307676,0.112162
lascondes,2017,2191,307708,39.8,7731.3568,0.283391,0.102579
lascondes,2018,1972,315183,39.8,7919.1709,0.249016,0.089014
lascondes,2019,2319,323309,39.8,8123.3417,0.285474,0.103401
lascondes,2020,1506,330759,39.8,8310.5276,0.181216,0.062261
lascondes,2021,1514,335296,39.8,8424.5226,0.179713,0.061668
lascondes,2022,2249,338541,39.8,8506.0553,0.2644,0.095085
lascondes,2023,2111,341183,39.8,8572.4372,0.246254,0.087925
lascondes,2024,2172,343632,39.8,8633.9698,0.251564,0.09002
lascondes,2025,2302,345985,39.8,8693.0905,0.264808,0.095246
lascondes,2026,1121,348261,39.8,8750.2764,0.12811,0.041305
lobarnechea,2005,1012,83678,52.2,1603.0268,0.631306,0.239866
lobarnechea,2006,961,85855,52.2,1644.7318,0.58429,0.221313
lobarnechea,2007,1100,88013,52.2,1686.0728,0.652404,0.248191
lobarnechea,2008,1239,90192,52.2,1727.8161,0.71709,0.273717
lobarnechea,2009,1137,92308,52.2,1768.3525,0.642971,0.244469
lobarnechea,2010,958,94364,52.2,1807.7395,0.529944,0.199868
lobarnechea,2011,1004,96492,52.2,1848.5057,0.543141,0.205076
lobarnechea,2012,996,98620,52.2,1889.272,0.527187,0.198781
lobarnechea,2013,1027,100413,52.2,1923.6207,0.533889,0.201425
lobarnechea,2014,1061,102273,52.2,1959.2529,0.541533,0.204442
lobarnechea,2015,1132,104233,52.2,1996.8008,0.566907,0.214454
lobarnechea,2016,871,106460,52.2,2039.4636,0.427073,0.159276
lobarnechea,2017,844,109778,52.2,2103.0268,0.401326,0.149116
lobarnechea,2018,738,114322,52.2,2190.0766,0.336975,0.123723
lobarnechea,2019,794,119240,52.2,2284.2912,0.347591,0.127912
lobarnechea,2020,666,124076,52.2,2376.9349,0.280193,0.101317
lobarnechea,2021,651,126816,52.2,2429.4253,0.267965,0.096492
lobarnechea,2022,715,128439,52.2,2460.5172,0.290589,0.105419
lobarnechea,2023,862,129790,52.2,2486.3985,0.346686,0.127555
lobarnechea,2024,918,131053,52.2,2510.5939,0.365651,0.135038
lobarnechea,2025,881,132248,52.2,2533.4866,0.347742,0.127972
lobarnechea,2026,394,133393,52.2,2555.4215,0.154182,0.051593
loespejo,2005,2082,115842,7.1,16315.7746,0.127607,0.041106
loespejo,2006,2014,114652,7.1,16148.169,0.12472,0.039967
loespejo,2007,2605,113484,7.1,15983.662,0.162979,0.055064
loespejo,2008,2953,112366,7.1,15826.1972,0.186589,0.064381
loespejo,2009,2728,111260,7.1,15670.4225,0.174086,0.059447
loespejo,2010,2405,110159,7.1,15515.3521,0.155008,0.051919
loespejo,2011,2753,109090,7.1,15364.7887,0.179176,0.061456
loespejo,2012,2546,108037,7.1,15216.4789,0.167319,0.056777
loespejo,2013,2509,106884,7.1,15054.0845,0.166666,0.056519
loespejo,2014,2321,105795,7.1,14900.7042,0.155764,0.052217
loespejo,2015,2196,104797,7.1,14760.1408,0.148779,0.049461
loespejo,2016,1975,103919,7.1,14636.4789,0.134937,0.043999
loespejo,2017,2006,103454,7.1,14570.9859,0.137671,0.045078
loespejo,2018,2176,103454,7.1,14570.9859,0.149338,0.049681
loespejo,2019,2814,103643,7.1,14597.6056,0.192771,0.06682
loespejo,2020,2466,103865,7.1,14628.8732,0.168571,0.057271
loespejo,2021,2183,103381,7.1,14560.7042,0.149924,0.049913
loespejo,2022,2445,102530,7.1,14440.8451,0.169311,0.057563
loespejo,2023,2398,101615,7.1,14311.9718,0.167552,0.056869
loespejo,2024,2342,100694,7.1,14182.2535,0.165136,0.055915
loespejo,2025,2273,99774,7.1,14052.6761,0.161749,0.054579
loespejo,2026,1127,98860,7.1,13923.9437,0.08094,0.022692
loprado,2005,1489,108228,6.4,16910.625,0.088051,0.025498
loprado,2006,1500,107523,6.4,16800.4688,0.089283,0.025984
loprado,2007,1947,106808,6.4,16688.75,0.116665,0.036789
loprado,2008,2091,106132,6.4,16583.125,0.126092,0.040509
loprado,2009,2158,105431,6.4,16473.5938,0.130998,0.042444
loprado,2010,2014,104703,6.4,16359.8438,0.123106,0.039331
loprado,2011,2109,104026,6.4,16254.0625,0.129752,0.041953
loprado,2012,1847,103361,6.4,16150.1563,0.114364,0.035881
loprado,2013,1758,102502,6.4,16015.9375,0.109766,0.034066
loprado,2014,1809,101716,6.4,15893.125,0.113823,0.035667
loprado,2015,1596,101031,6.4,15786.0938,0.101102,0.030647
loprado,2016,1441,100539,6.4,15709.2188,0.09173,0.026949
loprado,2017,1413,100771,6.4,15745.4688,0.08974,0.026164
loprado,2018,1926,101803,6.4,15906.7188,0.121081,0.038531
loprado,2019,2171,103111,6.4,16111.0938,0.134752,0.043926
loprado,2020,2060,104403,6.4,16312.9688,0.12628,0.040583
loprado,2021,1790,104405,6.4,16313.2813,0.109727,0.034051
loprado,2022,2416,103732,6.4,16208.125,0.149061,0.049572
loprado,2023,2823,102923,6.4,16081.7188,0.175541,0.060021
loprado,2024,2588,102078,6.4,15949.6875,0.16226,0.054781
loprado,2025,2201,101223,6.4,15816.0938,0.139162,0.045666
loprado,2026,984,100361,6.4,15681.4063,0.062749,0.015514
macul,2005,1241,115694,12.6,9182.0635,0.135155,0.044085
macul,2006,1440,115857,12.6,9195,0.156607,0.05255
macul,2007,1680,116146,12.6,9217.9365,0.182253,0.06267
macul,2008,1823,116571,12.6,9251.6667,0.197046,0.068507
macul,2009,1765,117063,12.6,9290.7143,0.189975,0.065717
macul,2010,1484,117600,12.6,9333.3333,0.159,0.053494
macul,2011,1694,118236,12.6,9383.8095,0.180524,0.061987
macul,2012,1607,118923,12.6,9438.3333,0.170263,0.057939
macul,2013,1678,119458,12.6,9480.7937,0.176989,0.060593
macul,2014,1587,120089,12.6,9530.873,0.166512,0.056458
macul,2015,1740,120843,12.6,9590.7143,0.181425,0.062343
macul,2016,1808,121787,12.6,9665.6349,0.187054,0.064564
macul,2017,1854,123420,12.6,9795.2381,0.189276,0.065441
macul,2018,1934,126804,12.6,10063.8095,0.192174,0.066585
macul,2019,2155,130467,12.6,10354.5238,0.208122,0.072878
macul,2020,1612,134635,12.6,10685.3175,0.150861,0.050283
macul,2021,1490,136278,12.6,10815.7143,0.137763,0.045114
macul,2022,2043,137079,12.6,10879.2857,0.187788,0.064854
macul,2023,2205,137735,12.6,10931.3492,0.201713,0.070349
macul,2024,2565,138361,12.6,10981.0317,0.233585,0.082925
macul,2025,2193,138951,12.6,11027.8571,0.19886,0.069223
macul,2026,1203,139522,12.6,11073.1746,0.108641,0.033622
maipu,2005,5201,502319,86.5,5807.1561,0.895619,0.344164
maipu,2006,5748,507149,86.5,5862.9942,0.980386,0.377613
maipu,2007,6839,511794,86.5,5916.6936,1.155882,0.446864
maipu,2008,8201,516374,86.5,5969.6416,1.373784,0.532848
maipu,2009,8539,520755,86.5,6020.289,1.41837,0.550442
maipu,2010,7951,524888,86.5,6068.0694,1.310301,0.507798
maipu,2011,9127,528829,86.5,6113.6301,1.492894,0.579849
maipu,2012,7771,532529,86.5,6156.4046,1.262263,0.488842
maipu,2013,7723,535609,86.5,6192.0116,1.247252,0.482918
maipu,2014,8075,538660,86.5,6227.2832,1.296713,0.502436
maipu,2015,7601,541811,86.5,6263.711,1.213498,0.469599
maipu,2016,6712,545053,86.5,6301.1908,1.065195,0.411079
maipu,2017,6926,549261,86.5,6349.8382,1.090736,0.421157
maipu,2018,7253,556715,86.5,6436.0116,1.12694,0.435443
maipu,2019,8183,566664,86.5,6551.0289,1.249117,0.483654
maipu,2020,7051,578605,86.5,6689.0751,1.054107,0.406703
maipu,2021,5936,584053,86.5,6752.0578,0.879139,0.337661
maipu,2022,8476,585684,86.5,6770.9133,1.251825,0.484723
maipu,2023,8836,586337,86.5,6778.4624,1.30354,0.50513
maipu,2024,8853,586812,86.5,6783.9538,1.304991,0.505702
maipu,2025,8674,587189,86.5,6788.3121,1.277784,0.494966
maipu,2026,3977,587508,86.5,6792,0.585542,0.221808
mariapinto,2005,60,11498,15.7,732.3567,0.081927,0.023081
mariapinto,2006,54,11770,15.7,749.6815,0.072031,0.019176
mariapinto,2007,77,12011,15.7,765.0318,0.100649,0.030469
mariapinto,2008,116,12263,15.7,781.0828,0.148512,0.049356
mariapinto,2009,117,12503,15.7,796.3694,0.146917,0.048726
mariapinto,2010,105,12747,15.7,811.9108,0.129325,0.041784
mariapinto,2011,112,12980,15.7,826.7516,0.13547,0.044209
mariapinto,2012,118,13199,15.7,840.7006,0.140359,0.046138
mariapinto,2013,118,13416,15.7,854.5223,0.138089,0.045243
mariapinto,2014,136,13628,15.7,868.0255,0.156677,0.052578
mariapinto,2015,124,13842,15.7,881.6561,0.140644,0.046251
mariapinto,2016,103,14047,15.7,894.7134,0.115121,0.036179
mariapinto,2017,118,14254,15.7,907.8981,0.129971,0.042039
mariapinto,2018,112,14474,15.7,921.9108,0.121487,0.038691
mariapinto,2019,151,14708,15.7,936.8153,0.161184,0.054356
mariapinto,2020,154,14926,15.7,950.7006,0.161986,0.054672
mariapinto,2021,144,15132,15.7,963.8217,0.149405,0.049708
mariapinto,2022,171,15323,15.7,975.9873,0.175207,0.05989
mariapinto,2023,160,15503,15.7,987.4522,0.162033,0.054691
mariapinto,2024,170,15669,15.7,998.0255,0.170336,0.057967
mariapinto,2025,160,15838,15.7,1008.7898,0.158606,0.053339
mariapinto,2026,79,16006,15.7,1019.4904,0.07749,0.02133
melipilla,2005,805,105613,53.8,1963.0669,0.410073,0.152567
melipilla,2006,1023,108129,53.8,2009.8327,0.508998,0.191603
melipilla,2007,1297,110603,53.8,2055.8178,0.630892,0.239703
melipilla,2008,1652,113062,53.8,2101.5242,0.786096,0.300946
melipilla,2009,1759,115478,53.8,2146.4312,0.8195,0.314127
melipilla,2010,1830,117836,53.8,2190.2602,0.835517,0.320448
melipilla,2011,2052,120152,53.8,2233.3086,0.918816,0.353318
melipilla,2012,1781,122406,53.8,2275.2045,0.782787,0.29964
melipilla,2013,1910,124500,53.8,2314.1264,0.825365,0.316442
melipilla,2014,2062,126601,53.8,2353.1784,0.876262,0.336526
melipilla,2015,1789,128701,53.8,2392.2119,0.747843,0.285852
melipilla,2016,2015,130840,53.8,2431.9703,0.828546,0.317697
melipilla,2017,2294,133232,53.8,2476.4312,0.926333,0.356284
melipilla,2018,2490,135945,53.8,2526.8587,0.985413,0.379597
melipilla,2019,2678,138793,53.8,2579.7955,1.038067,0.400374
melipilla,2020,2238,141612,53.8,2632.1933,0.850242,0.326258
melipilla,2021,2065,143779,53.8,2672.4721,0.772693,0.295657
melipilla,2022,2325,145583,53.8,2706.0037,0.859201,0.329793
melipilla,2023,2338,147275,53.8,2737.4535,0.854078,0.327772
melipilla,2024,2206,148899,53.8,2767.6394,0.797069,0.305276
melipilla,2025,2119,150466,53.8,2796.7658,0.757661,0.289726
melipilla,2026,1025,151963,53.8,2824.5911,0.362884,0.133947
nunoa,2005,2174,178672,16.7,10698.9222,0.203198,0.070935
nunoa,2006,2779,181850,16.7,10889.2216,0.255206,0.091457
nunoa,2007,3112,185075,16.7,11082.3353,0.280807,0.101559
nunoa,2008,2949,188411,16.7,11282.0958,0.261388,0.093896
nunoa,2009,2840,191729,16.7,11480.7784,0.24737,0.088365
nunoa,2010,2671,195036,16.7,11678.8024,0.228705,0.081
nunoa,2011,2912,198518,16.7,11887.3054,0.244967,0.087417
nunoa,2012,2360,202073,16.7,12100.1796,0.195038,0.067715
nunoa,2013,2583,205208,16.7,12287.9042,0.210207,0.0737
nunoa,2014,2748,208542,16.7,12487.5449,0.220059,0.077588
nunoa,2015,2757,212137,16.7,12702.8144,0.217039,0.076396
nunoa,2016,2664,216230,16.7,12947.9042,0.205748,0.071941
nunoa,2017,2918,222055,16.7,13296.7066,0.219453,0.077349
nunoa,2018,2937,230808,16.7,13820.8383,0.212505,0.074607
nunoa,2019,2992,240753,16.7,14416.3473,0.207542,0.072649
nunoa,2020,2209,250192,16.7,14981.5569,0.147448,0.048936
nunoa,2021,2276,255823,16.7,15318.7425,0.148576,0.049381
nunoa,2022,3430,259712,16.7,15551.6168,0.220556,0.077784
nunoa,2023,3503,263319,16.7,15767.6048,0.222164,0.078419
nunoa,2024,4212,266906,16.7,15982.3952,0.26354,0.094746
nunoa,2025,4292,270521,16.7,16198.8623,0.264957,0.095305
nunoa,2026,1885,274180,16.7,16417.9641,0.114813,0.036058
padrehurtado,2005,375,45344,24.2,1873.719,0.200137,0.069727
padrehurtado,2006,523,47068,24.2,1944.9587,0.2689,0.096861
padrehurtado,2007,706,48820,24.2,2017.3554,0.349963,0.128848
padrehurtado,2008,736,50599,24.2,2090.8678,0.352007,0.129655
padrehurtado,2009,785,52408,24.2,2165.6198,0.362483,0.133788
padrehurtado,2010,793,54225,24.2,2240.7025,0.353907,0.130404
padrehurtado,2011,791,56047,24.2,2315.9917,0.341538,0.125524
padrehurtado,2012,810,57884,24.2,2391.9008,0.338643,0.124381
padrehurtado,2013,785,59670,24.2,2465.7025,0.318368,0.116381
padrehurtado,2014,733,61498,24.2,2541.2397,0.288442,0.104572
padrehurtado,2015,716,63346,24.2,2617.6033,0.273533,0.098689
padrehurtado,2016,663,65245,24.2,2696.0744,0.245913,0.08779
padrehurtado,2017,677,67299,24.2,2780.9504,0.243442,0.086815
padrehurtado,2018,782,69538,24.2,2873.4711,0.272145,0.098141
padrehurtado,2019,956,71852,24.2,2969.0909,0.321984,0.117808
padrehurtado,2020,770,74188,24.2,3065.6198,0.251173,0.089866
padrehurtado,2021,871,76219,24.2,3149.5455,0.276548,0.099879
padrehurtado,2022,1073,78091,24.2,3226.9008,0.332517,0.121964
padrehurtado,2023,1023,79925,24.2,3302.686,0.309748,0.112979
padrehurtado,2024,1096,81743,24.2,3377.8099,0.324471,0.118789
padrehurtado,2025,1133,83549,24.2,3452.438,0.328174,0.12025
padrehurtado,2026,512,85327,24.2,3525.9091,0.145211,0.048053
paine,2005,512,56891,40.7,1397.8133,0.366286,0.135289
paine,2006,562,58603,40.7,1439.8771,0.390311,0.144769
paine,2007,747,60318,40.7,1482.0147,0.504044,0.189648
paine,2008,855,62029,40.7,1524.0541,0.561004,0.212125
paine,2009,981,63728,40.7,1565.7985,0.626517,0.237976
paine,2010,892,65398,40.7,1606.8305,0.55513,0.209807
paine,2011,830,67049,40.7,1647.3956,0.503826,0.189562
paine,2012,781,68682,40.7,1687.5184,0.46281,0.173377
paine,2013,877,70227,40.7,1725.4791,0.508265,0.191314
paine,2014,778,71759,40.7,1763.1204,0.441263,0.164875
paine,2015,774,73319,40.7,1801.4496,0.429654,0.160294
paine,2016,798,74900,40.7,1840.2948,0.433626,0.161862
paine,2017,888,76659,40.7,1883.5135,0.471459,0.176791
paine,2018,965,78650,40.7,1932.4324,0.499371,0.187804
paine,2019,1030,80711,40.7,1983.0713,0.519396,0.195707
paine,2020,925,82766,40.7,2033.5627,0.454867,0.170243
paine,2021,929,84379,40.7,2073.1941,0.448101,0.167573
paine,2022,1077,85759,40.7,2107.1007,0.511129,0.192444
paine,2023,1177,87059,40.7,2139.0418,0.550246,0.20788
paine,2024,1365,88317,40.7,2169.9509,0.629047,0.238974
paine,2025,1343,89543,40.7,2200.0737,0.610434,0.23163
paine,2026,622,90729,40.7,2229.2138,0.279022,0.100855
pedroaguirrecerda,2005,1728,118995,9.6,12395.3125,0.139408,0.045763
pedroaguirrecerda,2006,1940,117764,9.6,12267.0833,0.158147,0.053157
pedroaguirrecerda,2007,2743,116547,9.6,12140.3125,0.225941,0.079909
pedroaguirrecerda,2008,2835,115384,9.6,12019.1667,0.235873,0.083828
pedroaguirrecerda,2009,2629,114224,9.6,11898.3333,0.220955,0.077942
pedroaguirrecerda,2010,2304,113065,9.6,11777.6042,0.195626,0.067947
pedroaguirrecerda,2011,2276,111954,9.6,11661.875,0.195166,0.067765
pedroaguirrecerda,2012,2216,110864,9.6,11548.3333,0.191889,0.066472
pedroaguirrecerda,2013,2047,109634,9.6,11420.2083,0.179244,0.061482
pedroaguirrecerda,2014,2085,108481,9.6,11300.1042,0.184512,0.063561
pedroaguirrecerda,2015,2019,107435,9.6,11191.1458,0.18041,0.061943
pedroaguirrecerda,2016,1796,106560,9.6,11100,0.161802,0.0546
pedroaguirrecerda,2017,1823,106257,9.6,11068.4375,0.164703,0.055744
pedroaguirrecerda,2018,2068,106605,9.6,11104.6875,0.186228,0.064238
pedroaguirrecerda,2019,2317,107205,9.6,11167.1875,0.207483,0.072625
pedroaguirrecerda,2020,2103,107803,9.6,11229.4792,0.187275,0.064651
pedroaguirrecerda,2021,1698,107409,9.6,11188.4375,0.151764,0.050639
pedroaguirrecerda,2022,2114,106496,9.6,11093.3333,0.190565,0.06595
pedroaguirrecerda,2023,2402,105483,9.6,10987.8125,0.218606,0.077015
pedroaguirrecerda,2024,2378,104462,9.6,10881.4583,0.218537,0.076987
pedroaguirrecerda,2025,2096,103434,9.6,10774.375,0.194536,0.067517
pedroaguirrecerda,2026,1095,102412,9.6,10667.9167,0.102644,0.031256
penaflor,2005,823,74932,31.1,2409.3891,0.34158,0.12554
penaflor,2006,849,76757,31.1,2468.0707,0.343993,0.126493
penaflor,2007,1042,78572,31.1,2526.4309,0.41244,0.153501
penaflor,2008,1559,80374,31.1,2584.373,0.603241,0.228792
penaflor,2009,1600,82164,31.1,2641.9293,0.605618,0.22973
penaflor,2010,1512,83913,31.1,2698.1672,0.56038,0.211879
penaflor,2011,1598,85639,31.1,2753.6656,0.580317,0.219746
penaflor,2012,1423,87325,31.1,2807.8778,0.506788,0.190731
penaflor,2013,1356,88916,31.1,2859.0354,0.474286,0.177906
penaflor,2014,1201,90511,31.1,2910.3215,0.412669,0.153592
penaflor,2015,1101,92117,31.1,2961.9614,0.371713,0.137431
penaflor,2016,1119,93723,31.1,3013.6013,0.371317,0.137274
penaflor,2017,1072,95420,31.1,3068.1672,0.349394,0.128624
penaflor,2018,1159,97255,31.1,3127.1704,0.370623,0.137
penaflor,2019,1323,99142,31.1,3187.8457,0.415014,0.154517
penaflor,2020,1132,101058,31.1,3249.4534,0.348366,0.128218
penaflor,2021,996,102667,31.1,3301.1897,0.301709,0.109807
penaflor,2022,1408,104106,31.1,3347.4598,0.420617,0.156728
penaflor,2023,1303,105498,31.1,3392.2186,0.384114,0.142324
penaflor,2024,1115,106840,31.1,3435.3698,0.324565,0.118826
penaflor,2025,1213,108142,31.1,3477.2347,0.34884,0.128405
penaflor,2026,528,109415,31.1,3518.1672,0.150078,0.049974
penalolen,2005,3347,230918,27.1,8520.9594,0.392796,0.14575
penalolen,2006,3746,232935,27.1,8595.3875,0.435815,0.162725
penalolen,2007,4215,234907,27.1,8668.155,0.486263,0.182632
penalolen,2008,4762,236896,27.1,8741.5498,0.544755,0.205713
penalolen,2009,4394,238809,27.1,8812.1402,0.49863,0.187512
penalolen,2010,3741,240638,27.1,8879.631,0.421301,0.156998
penalolen,2011,4429,242476,27.1,8947.4539,0.495001,0.18608
penalolen,2012,3605,244273,27.1,9013.7638,0.399944,0.148571
penalolen,2013,3626,245694,27.1,9066.1993,0.399947,0.148572
penalolen,2014,3811,247192,27.1,9121.476,0.417805,0.155619
penalolen,2015,3676,248824,27.1,9181.6974,0.400362,0.148735
penalolen,2016,3360,250696,27.1,9250.7749,0.363213,0.134077
penalolen,2017,3376,253606,27.1,9358.155,0.360755,0.133107
penalolen,2018,3433,257714,27.1,9509.7417,0.360998,0.133203
penalolen,2019,4064,262268,27.1,9677.786,0.419931,0.156457
penalolen,2020,3547,266798,27.1,9844.9446,0.360286,0.132922
penalolen,2021,3072,269296,27.1,9937.1218,0.309144,0.112741
penalolen,2022,3978,270707,27.1,9989.1882,0.398231,0.147895
penalolen,2023,3795,271854,27.1,10031.5129,0.378308,0.140033
penalolen,2024,3613,272913,27.1,10070.5904,0.358767,0.132322
penalolen,2025,3533,273909,27.1,10107.3432,0.349548,0.128684
penalolen,2026,1554,274846,27.1,10141.9188,0.153225,0.051216
pirque,2005,144,19368,44.5,435.236,0.330855,0.121308
pirque,2006,152,20099,44.5,451.6629,0.336534,0.123549
pirque,2007,179,20822,44.5,467.9101,0.382552,0.141708
pirque,2008,273,21550,44.5,484.2697,0.563735,0.213203
pirque,2009,233,22288,44.5,500.8539,0.465205,0.174323
pirque,2010,262,23010,44.5,517.0787,0.506693,0.190694
pirque,2011,357,23741,44.5,533.5056,0.669159,0.254803
pirque,2012,349,24462,44.5,549.7079,0.634883,0.241277
pirque,2013,259,25157,44.5,565.3258,0.458143,0.171536
pirque,2014,301,25855,44.5,581.0112,0.518062,0.19518
pirque,2015,280,26560,44.5,596.8539,0.469127,0.17587
pirque,2016,258,27269,44.5,612.7865,0.421028,0.15689
pirque,2017,316,28010,44.5,629.4382,0.502035,0.188856
pirque,2018,306,28799,44.5,647.1685,0.472829,0.177331
pirque,2019,325,29616,44.5,665.5281,0.488334,0.183449
pirque,2020,285,30433,44.5,683.8876,0.416735,0.155196
pirque,2021,264,31134,44.5,699.6404,0.377337,0.13965
pirque,2022,304,31787,44.5,714.3146,0.425583,0.158688
pirque,2023,297,32412,44.5,728.3596,0.407766,0.151657
pirque,2024,352,33021,44.5,742.0449,0.474365,0.177937
pirque,2025,312,33617,44.5,755.4382,0.413005,0.153725
pirque,2026,177,34192,44.5,768.3596,0.230361,0.081653
providencia,2005,2386,125317,14.3,8763.4266,0.272268,0.09819
providencia,2006,2635,126680,14.3,8858.7413,0.297446,0.108125
providencia,2007,3177,128141,14.3,8960.9091,0.35454,0.130654
providencia,2008,3169,129736,14.3,9072.4476,0.349299,0.128586
providencia,2009,3280,131330,14.3,9183.9161,0.357146,0.131683
providencia,2010,3174,132932,14.3,9295.9441,0.341439,0.125485
providencia,2011,3742,134719,14.3,9420.9091,0.397202,0.147488
providencia,2012,3320,136592,14.3,9551.8881,0.347575,0.127906
providencia,2013,4016,138059,14.3,9654.4755,0.415973,0.154896
providencia,2014,3705,139693,14.3,9768.7413,0.379271,0.140413
providencia,2015,3706,141537,14.3,9897.6923,0.374431,0.138503
providencia,2016,3617,143849,14.3,10059.3706,0.359565,0.132637
providencia,2017,3858,147826,14.3,10337.4825,0.373205,0.138019
providencia,2018,3471,151042,14.3,10562.3776,0.328619,0.120426
providencia,2019,3607,154446,14.3,10800.4196,0.333969,0.122537
providencia,2020,2103,157749,14.3,11031.3986,0.190638,0.065978
providencia,2021,2511,160043,14.3,11191.8182,0.22436,0.079285
providencia,2022,3797,161568,14.3,11298.4615,0.336063,0.123363
providencia,2023,3849,162837,14.3,11387.2028,0.338011,0.124132
providencia,2024,4177,164009,14.3,11469.1608,0.364194,0.134464
providencia,2025,4176,165134,14.3,11547.8322,0.361626,0.13345
providencia,2026,2084,166220,14.3,11623.7762,0.179288,0.0615
pudahuel,2005,2031,210142,59.2,3549.6959,0.572162,0.216528
pudahuel,2006,1965,212866,59.2,3595.7095,0.546485,0.206396
pudahuel,2007,2811,215607,59.2,3642.0101,0.771827,0.295315
pudahuel,2008,3640,218380,59.2,3688.8514,0.986757,0.380127
pudahuel,2009,3580,221107,59.2,3734.9155,0.958522,0.368986
pudahuel,2010,3642,223757,59.2,3779.6791,0.963574,0.370979
pudahuel,2011,4203,226371,59.2,3823.8345,1.099158,0.424481
pudahuel,2012,4108,228894,59.2,3866.4527,1.062473,0.410004
pudahuel,2013,4347,231137,59.2,3904.3412,1.113376,0.430091
pudahuel,2014,4468,233382,59.2,3942.2635,1.133359,0.437976
pudahuel,2015,4372,235673,59.2,3980.9628,1.098227,0.424113
pudahuel,2016,3674,238048,59.2,4021.0811,0.913685,0.351293
pudahuel,2017,3694,240958,59.2,4070.2365,0.907564,0.348877
pudahuel,2018,4407,244526,59.2,4130.5068,1.066939,0.411767
pudahuel,2019,5166,248347,59.2,4195.0507,1.231451,0.476683
pudahuel,2020,4403,253139,59.2,4275.9966,1.029701,0.397073
pudahuel,2021,3822,256607,59.2,4334.5777,0.881747,0.33869
pudahuel,2022,4679,258535,59.2,4367.1453,1.071409,0.413531
pudahuel,2023,5432,260129,59.2,4394.0709,1.236211,0.478562
pudahuel,2024,5792,261596,59.2,4418.8514,1.310748,0.507974
pudahuel,2025,5348,262943,59.2,4441.6047,1.204069,0.465878
pudahuel,2026,2576,264180,59.2,4462.5,0.577255,0.218538
puentealto,2005,5471,530614,75,7074.8533,0.773302,0.295898
puentealto,2006,6723,537475,75,7166.3333,0.938137,0.360941
puentealto,2007,8119,544315,75,7257.5333,1.1187,0.432192
puentealto,2008,9358,551202,75,7349.36,1.273308,0.4932
puentealto,2009,9492,557972,75,7439.6267,1.27587,0.494211
puentealto,2010,10025,564547,75,7527.2933,1.33182,0.516289
puentealto,2011,11924,570891,75,7611.88,1.566499,0.608893
puentealto,2012,11542,576972,75,7692.96,1.500333,0.582784
puentealto,2013,10885,582478,75,7766.3733,1.401555,0.543806
puentealto,2014,11510,587905,75,7838.7333,1.468349,0.570163
puentealto,2015,11980,593362,75,7911.4933,1.514253,0.588277
puentealto,2016,10563,598765,75,7983.5333,1.323098,0.512847
puentealto,2017,11065,604744,75,8063.2533,1.372275,0.532252
puentealto,2018,10713,615557,75,8207.4267,1.305281,0.505817
puentealto,2019,10806,629743,75,8396.5733,1.286954,0.498585
puentealto,2020,8641,645909,75,8612.12,1.003353,0.386676
puentealto,2021,8006,655033,75,8733.7733,0.916671,0.352471
puentealto,2022,9833,660361,75,8804.8133,1.116776,0.431432
puentealto,2023,10457,664370,75,8858.2667,1.180479,0.45657
puentealto,2024,10931,667904,75,8905.3867,1.227459,0.475108
puentealto,2025,10016,671142,75,8948.56,1.119286,0.432423
puentealto,2026,5032,674064,75,8987.52,0.559887,0.211684
quilicura,2005,2514,149162,31.6,4720.3165,0.532591,0.200913
quilicura,2006,2745,155179,31.6,4910.7278,0.55898,0.211326
quilicura,2007,3215,161246,31.6,5102.7215,0.630056,0.239373
quilicura,2008,3381,167378,31.6,5296.7722,0.638313,0.242631
quilicura,2009,3605,173447,31.6,5488.8291,0.656789,0.249921
quilicura,2010,3330,179438,31.6,5678.4177,0.586431,0.222158
quilicura,2011,4208,185515,31.6,5870.7278,0.716777,0.273593
quilicura,2012,4032,191560,31.6,6062.0253,0.665124,0.253211
quilicura,2013,4126,197087,31.6,6236.9304,0.661543,0.251798
quilicura,2014,4186,202688,31.6,6414.1772,0.652617,0.248275
quilicura,2015,3590,208394,31.6,6594.7468,0.544373,0.205562
quilicura,2016,3472,214449,31.6,6786.3608,0.511614,0.192636
quilicura,2017,3811,222048,31.6,7026.8354,0.542349,0.204764
quilicura,2018,3996,232342,31.6,7352.5949,0.543482,0.205211
quilicura,2019,4503,243112,31.6,7693.4177,0.585306,0.221714
quilicura,2020,4058,254694,31.6,8059.9367,0.503478,0.189425
quilicura,2021,3320,261993,31.6,8290.9177,0.400438,0.148766
quilicura,2022,4168,266818,31.6,8443.6076,0.493628,0.185538
quilicura,2023,4269,271385,31.6,8588.1329,0.497081,0.186901
quilicura,2024,4466,275744,31.6,8726.0759,0.511799,0.192709
quilicura,2025,4595,279737,31.6,8852.4367,0.519066,0.195576
quilicura,2026,2131,283583,31.6,8974.1456,0.23746,0.084454
quintanormal,2005,1137,111144,12.2,9110.1639,0.124806,0.040001
quintanormal,2006,1152,110638,12.2,9068.6885,0.12703,0.040879
quintanormal,2007,1739,110412,12.2,9050.1639,0.192151,0.066576
quintanormal,2008,2314,110458,12.2,9053.9344,0.255579,0.091604
quintanormal,2009,2553,110651,12.2,9069.7541,0.281485,0.101827
quintanormal,2010,2188,110978,12.2,9096.5574,0.240531,0.085666
quintanormal,2011,2691,111556,12.2,9143.9344,0.294293,0.106881
quintanormal,2012,2456,112288,12.2,9203.9344,0.266842,0.096049
quintanormal,2013,2562,112794,12.2,9245.4098,0.27711,0.100101
quintanormal,2014,2601,113505,12.2,9303.6885,0.279567,0.10107
quintanormal,2015,2429,114445,12.2,9380.7377,0.258935,0.092928
quintanormal,2016,2436,115802,12.2,9491.9672,0.256638,0.092022
quintanormal,2017,2645,118503,12.2,9713.3607,0.272305,0.098204
quintanormal,2018,3034,123648,12.2,10135.082,0.299356,0.108879
quintanormal,2019,3495,130284,12.2,10679.0164,0.327277,0.119896
quintanormal,2020,2757,136368,12.2,11177.7049,0.246652,0.088082
quintanormal,2021,2268,138904,12.2,11385.5738,0.199199,0.069357
quintanormal,2022,3459,140055,12.2,11479.918,0.301309,0.109649
quintanormal,2023,4148,140964,12.2,11554.4262,0.358997,0.132413
quintanormal,2024,4049,141823,12.2,11624.8361,0.348306,0.128194
quintanormal,2025,3679,142670,12.2,11694.2623,0.314599,0.114893
quintanormal,2026,1660,143506,12.2,11762.7869,0.141123,0.04644
recoleta,2005,2828,155536,14.6,10653.1507,0.265461,0.095504
recoleta,2006,3159,154615,14.6,10590.0685,0.298298,0.108461
recoleta,2007,4311,154098,14.6,10554.6575,0.408445,0.151925
recoleta,2008,4438,154002,14.6,10548.0822,0.42074,0.156777
recoleta,2009,4380,154093,14.6,10554.3151,0.414996,0.15451
recoleta,2010,4486,154362,14.6,10572.7397,0.424299,0.158181
recoleta,2011,4644,155082,14.6,10622.0548,0.437204,0.163273
recoleta,2012,5147,156081,14.6,10690.4795,0.481456,0.180735
recoleta,2013,5435,156593,14.6,10725.5479,0.506734,0.19071
recoleta,2014,4876,157472,14.6,10785.7534,0.452078,0.169143
recoleta,2015,4772,158752,14.6,10873.4247,0.438868,0.16393
recoleta,2016,4413,160861,14.6,11017.8767,0.400531,0.148802
recoleta,2017,4793,165663,14.6,11346.7808,0.422411,0.157436
recoleta,2018,5250,173464,14.6,11881.0959,0.441878,0.165118
recoleta,2019,5976,182088,14.6,12471.7808,0.479162,0.17983
recoleta,2020,4844,190075,14.6,13018.8356,0.372076,0.137574
recoleta,2021,4443,193605,14.6,13260.6164,0.335052,0.122964
recoleta,2022,5684,195185,14.6,13368.8356,0.425168,0.158524
recoleta,2023,5938,196073,14.6,13429.6575,0.442156,0.165227
recoleta,2024,6029,196856,14.6,13483.2877,0.447146,0.167197
recoleta,2025,5566,197824,14.6,13549.589,0.410787,0.152849
recoleta,2026,2317,198780,14.6,13615.0685,0.170179,0.057905
renca,2005,1997,142647,14.5,9837.7241,0.202994,0.070854
renca,2006,2588,143844,14.5,9920.2759,0.26088,0.093696
renca,2007,3115,144999,14.5,9999.931,0.311502,0.113672
renca,2008,2690,146143,14.5,10078.8276,0.266896,0.09607
renca,2009,2761,147219,14.5,10153.0345,0.271938,0.09806
renca,2010,2529,148235,14.5,10223.1034,0.247381,0.088369
renca,2011,3413,149217,14.5,10290.8276,0.331655,0.121624
renca,2012,2996,150151,14.5,10355.2414,0.289322,0.104919
renca,2013,3125,150871,14.5,10404.8966,0.300339,0.109267
renca,2014,3165,151607,14.5,10455.6552,0.302707,0.110201
renca,2015,2797,152393,14.5,10509.8621,0.266131,0.095768
renca,2016,2698,153273,14.5,10570.5517,0.255237,0.091469
renca,2017,2650,154637,14.5,10664.6207,0.248485,0.088805
renca,2018,2984,156567,14.5,10797.7241,0.276355,0.099802
renca,2019,3559,158717,14.5,10946,0.325142,0.119054
renca,2020,3070,160847,14.5,11092.8966,0.276754,0.09996
renca,2021,2655,161959,14.5,11169.5862,0.237699,0.084549
renca,2022,3211,162517,14.5,11208.069,0.28649,0.103802
renca,2023,3657,162854,14.5,11231.3103,0.325608,0.119238
renca,2024,3532,163102,14.5,11248.4138,0.314,0.114657
renca,2025,3489,163267,14.5,11259.7931,0.309864,0.113025
renca,2026,1661,163389,14.5,11268.2069,0.147406,0.048919
sanbernardo,2005,4598,270230,93,2905.6989,1.582408,0.615171
sanbernardo,2006,4511,274511,93,2951.7312,1.528256,0.593802
sanbernardo,2007,6333,278724,93,2997.0323,2.11309,0.824578
sanbernardo,2008,7602,282941,93,3042.3763,2.498705,0.976741
sanbernardo,2009,6976,287080,93,3086.8817,2.259886,0.882504
sanbernardo,2010,6426,291111,93,3130.2258,2.052887,0.800822
sanbernardo,2011,6760,295082,93,3172.9247,2.130526,0.831458
sanbernardo,2012,6106,298973,93,3214.7634,1.899362,0.740241
sanbernardo,2013,7058,302510,93,3252.7957,2.169826,0.846966
sanbernardo,2014,7078,306087,93,3291.2581,2.150545,0.839358
sanbernardo,2015,6771,309765,93,3330.8065,2.032841,0.792912
sanbernardo,2016,6865,313573,93,3371.7527,2.036033,0.794171
sanbernardo,2017,7072,318078,93,3420.1935,2.067719,0.806675
sanbernardo,2018,8205,323415,93,3477.5806,2.359399,0.921771
sanbernardo,2019,8323,329121,93,3538.9355,2.351837,0.918788
sanbernardo,2020,6350,334836,93,3600.3871,1.763699,0.686708
sanbernardo,2021,5766,339043,93,3645.6237,1.581622,0.614861
sanbernardo,2022,6817,342411,93,3681.8387,1.851521,0.721363
sanbernardo,2023,7035,345583,93,3715.9462,1.893192,0.737806
sanbernardo,2024,7555,348640,93,3748.8172,2.015302,0.785991
sanbernardo,2025,6830,351625,93,3780.914,1.806442,0.703574
sanbernardo,2026,3328,354517,93,3812.0108,0.87303,0.33525
sanjoaquin,2005,1618,103251,9.5,10868.5263,0.14887,0.049497
sanjoaquin,2006,1777,102684,9.5,10808.8421,0.164402,0.055626
sanjoaquin,2007,2398,102158,9.5,10753.4737,0.222998,0.078748
sanjoaquin,2008,2289,101698,9.5,10705.0526,0.213824,0.075128
sanjoaquin,2009,2167,101252,9.5,10658.1053,0.203319,0.070983
sanjoaquin,2010,2051,100815,9.5,10612.1053,0.19327,0.067017
sanjoaquin,2011,1923,100449,9.5,10573.5789,0.181868,0.062518
sanjoaquin,2012,1519,100114,9.5,10538.3158,0.144141,0.047631
sanjoaquin,2013,1532,99635,9.5,10487.8947,0.146073,0.048393
sanjoaquin,2014,1651,99249,9.5,10447.2632,0.158032,0.053112
sanjoaquin,2015,1554,98957,9.5,10416.5263,0.149186,0.049622
sanjoaquin,2016,1609,98856,9.5,10405.8947,0.154624,0.051767
sanjoaquin,2017,1585,99371,9.5,10460.1053,0.151528,0.050546
sanjoaquin,2018,1797,100566,9.5,10585.8947,0.169754,0.057738
sanjoaquin,2019,1871,102027,9.5,10739.6842,0.174214,0.059497
sanjoaquin,2020,1581,103485,9.5,10893.1579,0.145137,0.048024
sanjoaquin,2021,1349,103871,9.5,10933.7895,0.123379,0.039438
sanjoaquin,2022,1873,103704,9.5,10916.2105,0.17158,0.058458
sanjoaquin,2023,2228,103420,9.5,10886.3158,0.204661,0.071512
sanjoaquin,2024,2462,103118,9.5,10854.5263,0.226818,0.080255
sanjoaquin,2025,2137,102811,9.5,10822.2105,0.197464,0.068672
sanjoaquin,2026,918,102504,9.5,10789.8947,0.08508,0.024325
sanjosedemaipo,2005,185,14325,49.9,287.0741,0.644433,0.245046
sanjosedemaipo,2006,247,14614,49.9,292.8657,0.84339,0.323554
sanjosedemaipo,2007,298,14898,49.9,298.5571,0.998134,0.384616
sanjosedemaipo,2008,311,15181,49.9,304.2285,1.022258,0.394136
sanjosedemaipo,2009,277,15461,49.9,309.8397,0.894011,0.343529
sanjosedemaipo,2010,260,15731,49.9,315.2505,0.824741,0.316195
sanjosedemaipo,2011,301,16003,49.9,320.7014,0.938568,0.361112
sanjosedemaipo,2012,332,16264,49.9,325.9319,1.018618,0.392699
sanjosedemaipo,2013,330,16504,49.9,330.7415,0.997758,0.384468
sanjosedemaipo,2014,310,16745,49.9,335.5711,0.923798,0.355283
sanjosedemaipo,2015,325,16991,49.9,340.501,0.954476,0.367389
sanjosedemaipo,2016,314,17241,49.9,345.511,0.908799,0.349365
sanjosedemaipo,2017,279,17540,49.9,351.503,0.793734,0.30396
sanjosedemaipo,2018,297,17897,49.9,358.6573,0.828089,0.317516
sanjosedemaipo,2019,309,18275,49.9,366.2325,0.843726,0.323687
sanjosedemaipo,2020,342,18644,49.9,373.6273,0.915351,0.35195
sanjosedemaipo,2021,329,18917,49.9,379.0982,0.867849,0.333206
sanjosedemaipo,2022,392,19131,49.9,383.3868,1.022466,0.394218
sanjosedemaipo,2023,394,19330,49.9,387.3747,1.017103,0.392102
sanjosedemaipo,2024,409,19519,49.9,391.1623,1.045602,0.403347
sanjosedemaipo,2025,321,19700,49.9,394.7896,0.813091,0.311599
sanjosedemaipo,2026,177,19879,49.9,398.3768,0.444303,0.166075
sanmiguel,2005,1542,86709,9.5,9127.2632,0.168944,0.057418
sanmiguel,2006,1739,88678,9.5,9334.5263,0.186298,0.064266
sanmiguel,2007,2410,90684,9.5,9545.6842,0.25247,0.090377
sanmiguel,2008,2421,92781,9.5,9766.4211,0.24789,0.08857
sanmiguel,2009,2229,94885,9.5,9987.8947,0.22317,0.078816
sanmiguel,2010,1977,97013,9.5,10211.8947,0.193598,0.067146
sanmiguel,2011,2055,99253,9.5,10447.6842,0.196694,0.068368
sanmiguel,2012,1943,101555,9.5,10690,0.181759,0.062475
sanmiguel,2013,2041,103688,9.5,10914.5263,0.186998,0.064542
sanmiguel,2014,2236,105947,9.5,11152.3158,0.200496,0.069869
sanmiguel,2015,2139,108370,9.5,11407.3684,0.18751,0.064744
sanmiguel,2016,2114,111068,9.5,11691.3684,0.180817,0.062103
sanmiguel,2017,2246,114641,9.5,12067.4737,0.18612,0.064196
sanmiguel,2018,2439,120174,9.5,12649.8947,0.192808,0.066835
sanmiguel,2019,2664,126088,9.5,13272.4211,0.200717,0.069956
sanmiguel,2020,2340,133059,9.5,14006.2105,0.167069,0.056678
sanmiguel,2021,1916,136835,9.5,14403.6842,0.133022,0.043243
sanmiguel,2022,2884,139729,9.5,14708.3158,0.19608,0.068126
sanmiguel,2023,3478,142549,9.5,15005.1579,0.231787,0.082216
sanmiguel,2024,3977,145424,9.5,15307.7895,0.259802,0.093271
sanmiguel,2025,3269,148387,9.5,15619.6842,0.209287,0.073337
sanmiguel,2026,1325,151449,9.5,15942,0.083114,0.023549
sanpedro,2005,38,9033,15.7,575.3503,0.066047,0.016815
sanpedro,2006,37,9241,15.7,588.5987,0.062861,0.015558
sanpedro,2007,38,9426,15.7,600.3822,0.063293,0.015728
sanpedro,2008,50,9626,15.7,613.121,0.08155,0.022932
sanpedro,2009,65,9811,15.7,624.9045,0.104016,0.031797
sanpedro,2010,45,10003,15.7,637.1338,0.070629,0.018623
sanpedro,2011,66,10188,15.7,648.9172,0.101708,0.030887
sanpedro,2012,64,10370,15.7,660.5096,0.096895,0.028987
sanpedro,2013,77,10527,15.7,670.5096,0.114838,0.036068
sanpedro,2014,54,10694,15.7,681.1465,0.079278,0.022036
sanpedro,2015,64,10864,15.7,691.9745,0.092489,0.027249
sanpedro,2016,61,11039,15.7,703.121,0.086756,0.024987
sanpedro,2017,78,11229,15.7,715.2229,0.109057,0.033787
sanpedro,2018,92,11468,15.7,730.4459,0.12595,0.040453
sanpedro,2019,114,11706,15.7,745.6051,0.152896,0.051086
sanpedro,2020,126,11953,15.7,761.3376,0.165498,0.056058
sanpedro,2021,123,12132,15.7,772.7389,0.159174,0.053563
sanpedro,2022,186,12274,15.7,781.7834,0.237918,0.084635
sanpedro,2023,128,12412,15.7,790.5732,0.161908,0.054642
sanpedro,2024,125,12544,15.7,798.9809,0.156449,0.052488
sanpedro,2025,141,12669,15.7,806.9427,0.174734,0.059703
sanpedro,2026,69,12790,15.7,814.6497,0.084699,0.024175
sanramon,2005,1297,97847,6.4,15288.5938,0.084834,0.024228
sanramon,2006,1406,96791,6.4,15123.5938,0.092967,0.027438
sanramon,2007,2112,95761,6.4,14962.6563,0.141151,0.046451
sanramon,2008,2169,94769,6.4,14807.6563,0.146478,0.048553
sanramon,2009,2020,93793,6.4,14655.1563,0.137835,0.045143
sanramon,2010,1790,92817,6.4,14502.6563,0.123426,0.039457
sanramon,2011,2039,91861,6.4,14353.2813,0.142058,0.046809
sanramon,2012,1610,90929,6.4,14207.6563,0.113319,0.035469
sanramon,2013,1851,89927,6.4,14051.0938,0.131734,0.042735
sanramon,2014,1971,88966,6.4,13900.9375,0.141789,0.046703
sanramon,2015,1881,88091,6.4,13764.2188,0.136659,0.044678
sanramon,2016,1620,87285,6.4,13638.2813,0.118783,0.037625
sanramon,2017,1682,86770,6.4,13557.8125,0.124061,0.039707
sanramon,2018,1683,86575,6.4,13527.3438,0.124415,0.039847
sanramon,2019,1837,86521,6.4,13518.9063,0.135884,0.044373
sanramon,2020,1463,86510,6.4,13517.1875,0.108233,0.033461
sanramon,2021,1408,86017,6.4,13440.1563,0.104761,0.032091
sanramon,2022,1755,85274,6.4,13324.0625,0.131717,0.042728
sanramon,2023,1940,84495,6.4,13202.3438,0.146944,0.048737
sanramon,2024,2089,83695,6.4,13077.3438,0.159742,0.053787
sanramon,2025,2112,82919,6.4,12956.0938,0.163012,0.055077
sanramon,2026,944,82142,6.4,12834.6875,0.073551,0.019776
santiago,2005,8108,263090,21.6,12180.0926,0.665676,0.253429
santiago,2006,9765,276552,21.6,12803.3333,0.762692,0.291711
santiago,2007,11965,290228,21.6,13436.4815,0.890486,0.342139
santiago,2008,12022,304340,21.6,14089.8148,0.85324,0.327441
santiago,2009,11924,318048,21.6,14724.4444,0.80981,0.310304
santiago,2010,11129,331459,21.6,15345.3241,0.725237,0.276931
santiago,2011,11553,346099,21.6,16023.1019,0.721021,0.275268
santiago,2012,10839,361135,21.6,16719.213,0.648296,0.24657
santiago,2013,11799,373109,21.6,17273.5648,0.683067,0.260291
santiago,2014,12385,385980,21.6,17869.4444,0.693083,0.264243
santiago,2015,12592,399928,21.6,18515.1852,0.68009,0.259116
santiago,2016,12400,417125,21.6,19311.3426,0.64211,0.244129
santiago,2017,14163,446490,21.6,20670.8333,0.685168,0.26112
santiago,2018,14723,467865,21.6,21660.4167,0.679719,0.25897
santiago,2019,15193,486838,21.6,22538.7963,0.674082,0.256746
santiago,2020,10391,503147,21.6,23293.8426,0.446084,0.166777
santiago,2021,9788,517280,21.6,23948.1481,0.408716,0.152032
santiago,2022,16496,527014,21.6,24398.7963,0.676099,0.257541
santiago,2023,17566,536089,21.6,24818.9352,0.707766,0.270037
santiago,2024,20062,544388,21.6,25203.1481,0.796012,0.304859
santiago,2025,20118,552151,21.6,25562.5463,0.787011,0.301307
santiago,2026,9206,559385,21.6,25897.4537,0.355479,0.131025
talagante,2005,700,65413,31.4,2083.2166,0.336019,0.123346
talagante,2006,847,66532,31.4,2118.8535,0.399744,0.148492
talagante,2007,1182,67628,31.4,2153.758,0.548808,0.207312
talagante,2008,1295,68729,31.4,2188.8217,0.591643,0.224215
talagante,2009,1347,69819,31.4,2223.535,0.605792,0.229798
talagante,2010,1244,70875,31.4,2257.1656,0.551134,0.20823
talagante,2011,1306,71921,31.4,2290.4777,0.570187,0.215748
talagante,2012,1047,72933,31.4,2322.707,0.450767,0.168625
talagante,2013,1013,73888,31.4,2353.121,0.430492,0.160625
talagante,2014,1072,74832,31.4,2383.1847,0.449818,0.168251
talagante,2015,970,75807,31.4,2414.2357,0.401783,0.149297
talagante,2016,947,76796,31.4,2445.7325,0.387205,0.143544
talagante,2017,898,77899,31.4,2480.8599,0.361971,0.133587
talagante,2018,891,79158,31.4,2520.9554,0.353437,0.130219
talagante,2019,1003,80489,31.4,2563.3439,0.391286,0.145154
talagante,2020,831,81838,31.4,2606.3057,0.318842,0.116568
talagante,2021,942,82900,31.4,2640.1274,0.356801,0.131546
talagante,2022,1231,83814,31.4,2669.2357,0.461181,0.172735
talagante,2023,1156,84670,31.4,2696.4968,0.428704,0.159919
talagante,2024,1216,85514,31.4,2723.3758,0.446505,0.166943
talagante,2025,1195,86348,31.4,2749.9363,0.434556,0.162228
talagante,2026,521,87151,31.4,2775.5096,0.187713,0.064824
tiltil,2005,203,16359,19.6,834.6429,0.243218,0.086727
tiltil,2006,229,16721,19.6,853.1122,0.268429,0.096675
tiltil,2007,233,17079,19.6,871.3776,0.267393,0.096266
tiltil,2008,261,17430,19.6,889.2857,0.293494,0.106565
tiltil,2009,267,17771,19.6,906.6837,0.29448,0.106954
tiltil,2010,260,18108,19.6,923.8776,0.281423,0.101802
tiltil,2011,314,18434,19.6,940.5102,0.333861,0.122494
tiltil,2012,259,18757,19.6,956.9898,0.27064,0.097547
tiltil,2013,259,19052,19.6,972.0408,0.26645,0.095894
tiltil,2014,289,19334,19.6,986.4286,0.292976,0.106361
tiltil,2015,261,19636,19.6,1001.8367,0.260521,0.093555
tiltil,2016,275,19928,19.6,1016.7347,0.270474,0.097482
tiltil,2017,289,20268,19.6,1034.0816,0.279475,0.101034
tiltil,2018,304,20661,19.6,1054.1327,0.288389,0.104551
tiltil,2019,379,21066,19.6,1074.7959,0.352625,0.129899
tiltil,2020,282,21477,19.6,1095.7653,0.257354,0.092305
tiltil,2021,292,21783,19.6,1111.3776,0.262737,0.094429
tiltil,2022,368,22033,19.6,1124.1327,0.327364,0.11993
tiltil,2023,431,22262,19.6,1135.8163,0.379463,0.140489
tiltil,2024,391,22482,19.6,1147.0408,0.340877,0.125263
tiltil,2025,359,22695,19.6,1157.9082,0.310042,0.113095
tiltil,2026,178,22897,19.6,1168.2143,0.152369,0.050878
vitacura,2005,491,84809,21.2,4000.4245,0.122737,0.039185
vitacura,2006,473,85114,21.2,4014.8113,0.117814,0.037242
vitacura,2007,618,85406,21.2,4028.5849,0.153404,0.051286
vitacura,2008,681,85700,21.2,4042.4528,0.168462,0.057228
vitacura,2009,615,85952,21.2,4054.3396,0.151689,0.050609
vitacura,2010,615,86148,21.2,4063.5849,0.151344,0.050473
vitacura,2011,680,86423,21.2,4076.5566,0.166807,0.056575
vitacura,2012,686,86689,21.2,4089.1038,0.167763,0.056952
vitacura,2013,741,86687,21.2,4089.0094,0.181217,0.062261
vitacura,2014,896,86746,21.2,4091.7925,0.218975,0.07716
vitacura,2015,958,86910,21.2,4099.5283,0.233685,0.082965
vitacura,2016,804,87321,21.2,4118.9151,0.195197,0.067778
vitacura,2017,889,88716,21.2,4184.717,0.21244,0.074581
vitacura,2018,768,91198,21.2,4301.7925,0.17853,0.061201
vitacura,2019,914,94020,21.2,4434.9057,0.206092,0.072077
vitacura,2020,598,96774,21.2,4564.8113,0.131002,0.042446
vitacura,2021,494,97695,21.2,4608.2547,0.107199,0.033053
vitacura,2022,740,97651,21.2,4606.1792,0.160654,0.054147
vitacura,2023,592,97388,21.2,4593.7736,0.12887,0.041605
vitacura,2024,607,97049,21.2,4577.783,0.132597,0.043076
vitacura,2025,597,96671,21.2,4559.9528,0.130922,0.042415
vitacura,2026,296,96261,21.2,4540.6132,0.065189,0.016477
